start=107.220000
volume=80.000000
