start=18.900000
pause=yes
volume=108.000000
