start=9.400000
volume=138.000000
