start=60.100000
volume=82.000000
