start=326.786367
pause=yes
volume=176.000000
