start=9.066667
volume=106.000000
fullscreen=yes
