start=6.866667
volume=144.000000
