start=1188.833333
volume=22.000000
