start=3.400000
volume=112.000000
